725590002
1064533332
945914512
1686389827
397268392
2213751377
1048395102
395710662
852314002
773606662
2011990517
408221052
2039161617
1365318572
894949402
1838422027
2255330017
491744962
4313998
1791104517
1369217322
82178314
2304427145
1995515707
683669232
653769112
716493872
2255450507
10239515
1973220897
489645852
1854342567
1906347947
3135563
2350359795
1475309562
881716012
3135556
810191932
1358388652
489645822
3135564
1838789907
1419461542
879498902
3135558
1903809347
925091332
131039766
1707840907
2266920127
1744494167
359506831
1060564312
924617802
1881521187
1358986572
1807439787
398815652
2253272337
2253272297
3135566
398815662
1454949052
425701152
88449443
1516829502
754013572
1358765162
1368647652
3135557
1117818682
2255128547
569659692
36687371
509568372
3135554
407512222

